Test case: 
13 5 3
1 0 0 0 0 0 0 0 0 0 0 0 1
0 0 0 0 0 0 0 0 0 1 0 1 0
0 0 0 0 1 0 0 0 0 0 0 0 1
0 1 0 0 1 0 0 0 0 0 0 0 1
4 0 0 0 0 0 0 0 0 0 0 0 1
0 0 0 1 1 1 1 0 1 1 1 0 1
0 0 0 1 1 3 3 3 3 3 1 1 0
0 0 1 0 1 3 3 3 3 3 1 0 0
1 0 0 0 1 3 3 3 3 3 1 1 0
1 0 0 1 1 3 3 3 3 3 1 0 0
0 0 0 1 1 3 3 3 3 3 1 0 1
0 0 0 0 1 1 1 1 1 1 1 0 0
0 0 0 1 0 1 1 0 1 0 1 0 1
1 1 1 1 1
1 0 0 0 0
1 1 1 1 1
1 1 1 1 1
1 1 1 1 1
0 0 1 1 1
0 1 1 1 1
0 1 1 1 1
1 1 1 1 1
1 1 1 1 1
1 1 1 1 1
1 1 1 1 1
1 1 1 1 1
1 1 1 1 1
1 1 1 1 1
0 0 0 0 0
0 0 0 0 0
0 0 0 0 1
0 0 0 1 1
1 1 0 1 1
0 0 0 0 0
0 0 0 0 0
1 1 1 1 2
1 1 1 1 0
1 1 1 1 0
7 1 3 12
2 2 0 24
0 8 0 20